%YAML:1.0
# Type of IMU preintegration:
# 0: CombinedImuFactor
# 1: ImuFactor
imu_preintegration_type: 1

# Collected by Andrew Violette on 02/19/20
# Sensor extrinsics wrt. the body-frame.
T_BS:
  cols: 4
  rows: 4
  data: [1.0, 0.0, 0.0, 0.0,
         0.0, 1.0, 0.0, 0.0,
         0.0, 0.0, 1.0, 0.0,
         0.0, 0.0, 0.0, 1.0]
rate_hz: 200

# inertial sensor noise model parameters (static)
gyroscope_noise_density: 0.000488     # [ rad / s / sqrt(Hz) ]   ( gyro "white noise" )
gyroscope_random_walk: 4.88e-05       # [ rad / s^2 / sqrt(Hz) ] ( gyro bias diffusion )
accelerometer_noise_density: 0.00147  # [ m / s^2 / sqrt(Hz) ]   ( accel "white noise" )
accelerometer_random_walk: 0.00147    # [ m / s^3 / sqrt(Hz) ].  ( accel bias diffusion )

# Extra parameters
imu_integration_sigma: 1.0e-8
imu_time_shift: 0.0
n_gravity: [0.0, 0.0, -9.81]



# 
# data: [1.0075801610946655, 0.03153625503182411, -0.00852205604314804, -0.12630011141300201, 
# -0.07115320861339569, 1.0070852041244507, -0.004805233795195818, 0.016743266955018044, 
# -0.013831962831318378, -0.013260905630886555, 1.0065758228302002, -0.09475106000900269]
